200,200
250,200
300,150
350,100
400,150
600,150
648,260
679,274
750,253
776,233
782,201
803,144
887,130
956,141
1041,179
1118,256
1166,379
1188,589
1182,744
1136,810
1066,752
1019,633
922,568
760,521
550,504
350,526
287,478
209,353
190,242
200,200
o:
147,89
238,56
342,10
453,40
605,47
652,67
673,130
699,141
723,109
736,58
798,31
925,31
1075,62
1232,210
1300,423
1297,698
1242,864
1151,919
1005,831
904,686
741,629
499,614
322,631
159,494
91,233
101,127
147,89
c:
356,154|356,0
573,189|573,0
714,309|714,109
948,178|948,28
1037,213|1149,133
1117,315|1258,272
1333,398|1168,545
1335,556|1163,645
1337,721|1152,761
1117,796|1032,891
1054,686|923,772
956,594|880,733
797,532|785,690
657,514|657,675
506,507|506,683
360,502|225,606
290,421|103,419
254,289|73,291
281,229|152,67
372,174|437,50
520,205|502,34
620,262|686,120
836,224|700,104
892,187|883,38
326,197|220,51